Degree/Lambda    0       1e-8    1-e-7   1-e6    1e-4
3            0.433    0.436    0.436    0.432    0.435    
5            0.433    0.434    0.434    0.437    0.434    
6            0.434    0.434    0.437    0.435    0.434    
7            0.436    0.437    0.434    0.433    0.434    
9            0.438    0.435    0.435    0.434    0.434    
12            0.436    0.436    0.435    0.436    0.434


Degree/Lambda    0       1e-8    1-e-7   1-e6    1e-4
7            0.427    0.428    0.428    0.428    
8            0.426    0.428    0.429    0.430    
9            0.428    0.428    0.427    0.428    
10            0.430    0.429    0.428    0.427    
11            0.429    0.429    0.429    0.427    
12            0.429    0.427    0.427    0.429    

Best degree : 8, best lambda : 1e-07